  ein    excdist1(inx) clusterin1
  0.25000000000000000        3.9600000000001453E-002   6.2928530890210251E-004
  0.75000000000000000        3.9640000000001466E-002   6.2960304954789938E-004
   1.2500000000000000        3.8420000000001092E-002   6.1983868869247821E-004
   1.7500000000000000        3.9090000000001297E-002   6.2521996129363388E-004
   2.2500000000000000        3.9480000000001417E-002   6.2833112289621164E-004
   2.7500000000000000        3.8590000000001144E-002   6.2120849961990333E-004
   3.2500000000000000        3.8410000000001089E-002   6.1975801729385557E-004
   3.7500000000000000        3.9150000000001316E-002   6.2569960843843685E-004
   4.2500000000000000        3.9020000000001276E-002   6.2465990746966686E-004
   4.7500000000000000        3.8450000000001101E-002   6.2008063991710874E-004
   5.2500000000000000        3.8850000000001224E-002   6.2329768168990665E-004
   5.7500000000000000        3.9250000000001346E-002   6.2649820430709421E-004
   6.2500000000000000        3.7900000000000933E-002   6.1562975886486301E-004
   6.7500000000000000        3.7830000000000912E-002   6.1506097258727868E-004
   7.2500000000000000        3.9180000000001325E-002   6.2593929418116364E-004
   7.7500000000000000        3.8870000000001230E-002   6.2345809803066347E-004
   8.2500000000000000        3.9070000000001291E-002   6.2505999712028680E-004
   8.7500000000000000        3.8750000000001193E-002   6.2249497989944622E-004
   9.2500000000000000        3.8900000000001239E-002   6.2369864518051698E-004
   9.7500000000000000        3.8770000000001199E-002   6.2265560304233358E-004
   10.250000000000000        3.8610000000001150E-002   6.2136945531624866E-004
   10.750000000000000        3.8210000000001028E-002   6.1814237842103194E-004
   11.250000000000000        3.8330000000001065E-002   6.1911226768657289E-004
   11.750000000000000        3.9420000000001398E-002   6.2785348609370169E-004
   12.250000000000000        3.9710000000001487E-002   6.3015871016753775E-004
   12.750000000000000        3.7990000000000961E-002   6.1636028424940682E-004
   13.250000000000000        3.9410000000001395E-002   6.2777384462879148E-004
   13.750000000000000        3.9370000000001383E-002   6.2745517768205078E-004
   14.250000000000000        3.8900000000001239E-002   6.2369864518051698E-004
   14.750000000000000        3.8460000000001104E-002   6.2016126934855500E-004
   15.250000000000000        3.8170000000001016E-002   6.1781874364574775E-004
   15.750000000000000        3.8680000000001172E-002   6.2193247221865790E-004
   16.250000000000000        3.9460000000001411E-002   6.2817195098158760E-004
   16.750000000000000        3.8100000000000994E-002   6.1725197448044672E-004
   17.250000000000000        3.9590000000001450E-002   6.2920584866958651E-004
   17.750000000000000        3.8400000000001086E-002   6.1967733539319554E-004
   18.250000000000000        3.9210000000001334E-002   6.2617888817814141E-004
   18.750000000000000        3.8130000000001003E-002   6.1749493925052545E-004
   19.250000000000000        3.7850000000000918E-002   6.1522353661088846E-004
   19.750000000000000        3.8330000000001065E-002   6.1911226768657289E-004
   20.250000000000000        3.9450000000001408E-002   6.2809234989769948E-004
   20.750000000000000        3.8870000000001230E-002   6.2345809803066347E-004
   21.250000000000000        3.8990000000001267E-002   6.2441973062997674E-004
   21.750000000000000        3.8460000000001104E-002   6.2016126934855500E-004
   22.250000000000000        3.8660000000001166E-002   6.2177166226840192E-004
   22.750000000000000        3.8790000000001205E-002   6.2281618476081060E-004
   23.250000000000000        3.9080000000001294E-002   6.2513998432352170E-004
   23.750000000000000        3.9230000000001340E-002   6.2633856659159465E-004
   24.250000000000000        3.9020000000001276E-002   6.2465990746966686E-004
   24.750000000000000        3.8490000000001114E-002   6.2040309476985294E-004
   25.250000000000000        3.9950000000001561E-002   6.3206012372243165E-004
   25.750000000000000        1.9459999999999377E-002   4.4113490000224849E-004
  sum clust     2.0000000000000613     
