  ein    exciton(inx) exciton 
  0.25000000000000000        3.8843218521876346E-002
  0.75000000000000000        3.8843218521876346E-002
   1.2500000000000000        3.8843218521876346E-002
   1.7500000000000000        3.8843218521876346E-002
   2.2500000000000000        3.8843218521876346E-002
   2.7500000000000000        3.8843218521876346E-002
   3.2500000000000000        3.8843218521876346E-002
   3.7500000000000000        3.8843218521876346E-002
   4.2500000000000000        3.8843218521876346E-002
   4.7500000000000000        3.8843218521876346E-002
   5.2500000000000000        3.8843218521876346E-002
   5.7500000000000000        3.8843218521876346E-002
   6.2500000000000000        3.8843218521876346E-002
   6.7500000000000000        3.8843218521876346E-002
   7.2500000000000000        3.8843218521876346E-002
   7.7500000000000000        3.8843218521876346E-002
   8.2500000000000000        3.8843218521876346E-002
   8.7500000000000000        3.8843218521876346E-002
   9.2500000000000000        3.8843218521876346E-002
   9.7500000000000000        3.8843218521876346E-002
   10.250000000000000        3.8843218521876346E-002
   10.750000000000000        3.8843218521876346E-002
   11.250000000000000        3.8843218521876346E-002
   11.750000000000000        3.8843218521876346E-002
   12.250000000000000        3.8843218521876346E-002
   12.750000000000000        3.8843218521876346E-002
   13.250000000000000        3.8843218521876346E-002
   13.750000000000000        3.8843218521876346E-002
   14.250000000000000        3.8843218521876346E-002
   14.750000000000000        3.8843218521876346E-002
   15.250000000000000        3.8843218521876346E-002
   15.750000000000000        3.8843218521876346E-002
   16.250000000000000        3.8843218521876346E-002
   16.750000000000000        3.8843218521876346E-002
   17.250000000000000        3.8843218521876346E-002
   17.750000000000000        3.8843218521876346E-002
   18.250000000000000        3.8843218521876346E-002
   18.750000000000000        3.8843218521876346E-002
   19.250000000000000        3.8843218521876346E-002
   19.750000000000000        3.8843218521876346E-002
   20.250000000000000        3.8843218521876346E-002
   20.750000000000000        3.8843218521876346E-002
   21.250000000000000        3.8843218521876346E-002
   21.750000000000000        3.8843218521876346E-002
   22.250000000000000        3.8843218521876346E-002
   22.750000000000000        3.8843218521876346E-002
   23.250000000000000        3.8843218521876346E-002
   23.750000000000000        3.8843218521876346E-002
   24.250000000000000        3.8843218521876346E-002
   24.750000000000000        3.8843218521876346E-002
   25.250000000000000        3.8843218521876346E-002
   25.750000000000000        0.0000000000000000     
  sum exciton      1.9810041446156932     
