  0.25000000000000000        0.0000000000000000                            NaN
  0.75000000000000000        0.0000000000000000                            NaN
   1.2500000000000000        0.0000000000000000                            NaN
   1.7500000000000000        0.0000000000000000                            NaN
   2.2500000000000000        0.0000000000000000                            NaN
   2.7500000000000000        0.0000000000000000                            NaN
   3.2500000000000000        0.0000000000000000                            NaN
   3.7500000000000000        0.0000000000000000                            NaN
   4.2500000000000000        0.0000000000000000                            NaN
   4.7500000000000000        0.0000000000000000                            NaN
   5.2500000000000000        0.0000000000000000                            NaN
   5.7500000000000000        0.0000000000000000                            NaN
   6.2500000000000000        0.0000000000000000                            NaN
   6.7500000000000000        0.0000000000000000                            NaN
   7.2500000000000000        0.0000000000000000                            NaN
   7.7500000000000000        0.0000000000000000                            NaN
   8.2500000000000000        0.0000000000000000                            NaN
   8.7500000000000000        0.0000000000000000                            NaN
   9.2500000000000000        0.0000000000000000                            NaN
   9.7500000000000000        0.0000000000000000                            NaN
   10.250000000000000        0.0000000000000000                            NaN
   10.750000000000000        0.0000000000000000                            NaN
   11.250000000000000        0.0000000000000000                            NaN
   11.750000000000000        0.0000000000000000                            NaN
   12.250000000000000        0.0000000000000000                            NaN
   12.750000000000000        0.0000000000000000                            NaN
   13.250000000000000        0.0000000000000000                            NaN
   13.750000000000000        0.0000000000000000                            NaN
   14.250000000000000        0.0000000000000000                            NaN
   14.750000000000000        0.0000000000000000                            NaN
   15.250000000000000        0.0000000000000000                            NaN
   15.750000000000000        0.0000000000000000                            NaN
   16.250000000000000        0.0000000000000000                            NaN
   16.750000000000000        0.0000000000000000                            NaN
   17.250000000000000        0.0000000000000000                            NaN
   17.750000000000000        0.0000000000000000                            NaN
   18.250000000000000        0.0000000000000000                            NaN
   18.750000000000000        0.0000000000000000                            NaN
   19.250000000000000        0.0000000000000000                            NaN
   19.750000000000000        0.0000000000000000                            NaN
   20.250000000000000        0.0000000000000000                            NaN
   20.750000000000000        0.0000000000000000                            NaN
   21.250000000000000        0.0000000000000000                            NaN
   21.750000000000000        0.0000000000000000                            NaN
   22.250000000000000        0.0000000000000000                            NaN
   22.750000000000000        0.0000000000000000                            NaN
   23.250000000000000        0.0000000000000000                            NaN
   23.750000000000000        0.0000000000000000                            NaN
   24.250000000000000        0.0000000000000000                            NaN
   24.750000000000000        0.0000000000000000                            NaN
   25.250000000000000        0.0000000000000000                            NaN
   25.750000000000000        0.0000000000000000                            NaN
