   0.25      0.0E+00      0.0E+00      0.0E+00      0.0E+00
   0.75      0.0E+00      0.0E+00      0.0E+00      0.0E+00
   1.25      0.0E+00      0.0E+00      0.0E+00      0.0E+00
2H sum= 0.00E+00 3H sum= 0.00E+00 3He sum= 0.00E+00 7Be sum= 0.00E+00
   0.25      0.0E+00      0.0E+00      0.0E+00      0.0E+00
   0.75      0.0E+00      0.0E+00      0.0E+00      0.0E+00
   1.25      0.0E+00      0.0E+00      0.0E+00      0.0E+00
   1.75      0.0E+00      0.0E+00      0.0E+00      0.0E+00
   2.25      0.0E+00      0.0E+00      0.0E+00      0.0E+00
2H sum= 0.00E+00 3H sum= 0.00E+00 3He sum= 0.00E+00 7Be sum= 0.00E+00
   0.25      0.0E+00      0.0E+00      0.0E+00      0.0E+00
   0.75      0.0E+00      0.0E+00      0.0E+00      0.0E+00
   1.25      0.0E+00      0.0E+00      0.0E+00      0.0E+00
   1.75      0.0E+00      0.0E+00      0.0E+00      0.0E+00
   2.25      0.0E+00      0.0E+00      0.0E+00      0.0E+00
   2.75      0.0E+00      0.0E+00      0.0E+00      0.0E+00
   3.25      0.0E+00      0.0E+00      0.0E+00      0.0E+00
2H sum= 0.00E+00 3H sum= 0.00E+00 3He sum= 0.00E+00 7Be sum= 0.00E+00
   0.25      0.0E+00      0.0E+00      0.0E+00      0.0E+00
   0.75      0.0E+00      0.0E+00      0.0E+00      0.0E+00
   1.25      0.0E+00      0.0E+00      0.0E+00      0.0E+00
   1.75      0.0E+00      0.0E+00      0.0E+00      0.0E+00
   2.25      0.0E+00      0.0E+00      0.0E+00      0.0E+00
   2.75      0.0E+00      0.0E+00      0.0E+00      0.0E+00
   3.25      0.0E+00      0.0E+00      0.0E+00      0.0E+00
   3.75      0.0E+00      0.0E+00      0.0E+00      0.0E+00
   4.25      0.0E+00      0.0E+00      0.0E+00      0.0E+00
2H sum= 0.00E+00 3H sum= 0.00E+00 3He sum= 0.00E+00 7Be sum= 0.00E+00
   0.25      0.0E+00      0.0E+00      0.0E+00      0.0E+00
   0.75      0.0E+00      0.0E+00      0.0E+00      0.0E+00
   1.25      0.0E+00      0.0E+00      0.0E+00      0.0E+00
   1.75      0.0E+00      0.0E+00      0.0E+00      0.0E+00
   2.25      0.0E+00      0.0E+00      0.0E+00      0.0E+00
   2.75      0.0E+00      0.0E+00      0.0E+00      0.0E+00
   3.25      0.0E+00      0.0E+00      0.0E+00      0.0E+00
   3.75      0.0E+00      0.0E+00      0.0E+00      0.0E+00
   4.25      0.0E+00      0.0E+00      0.0E+00      0.0E+00
   4.75      0.0E+00      0.0E+00      0.0E+00      0.0E+00
   5.25      0.0E+00      0.0E+00      0.0E+00      0.0E+00
2H sum= 0.00E+00 3H sum= 0.00E+00 3He sum= 0.00E+00 7Be sum= 0.00E+00
   0.25      0.0E+00      0.0E+00      0.0E+00      0.0E+00
   0.75      0.0E+00      0.0E+00      0.0E+00      0.0E+00
   1.25      0.0E+00      0.0E+00      0.0E+00      0.0E+00
   1.75      0.0E+00      0.0E+00      0.0E+00      0.0E+00
   2.25      0.0E+00      0.0E+00      0.0E+00      0.0E+00
   2.75      0.0E+00      0.0E+00      0.0E+00      0.0E+00
   3.25      0.0E+00      0.0E+00      0.0E+00      0.0E+00
   3.75      0.0E+00      0.0E+00      0.0E+00      0.0E+00
   4.25      0.0E+00      0.0E+00      0.0E+00      0.0E+00
   4.75      0.0E+00      0.0E+00      0.0E+00      0.0E+00
   5.25      0.0E+00      0.0E+00      0.0E+00      0.0E+00
   5.75      0.0E+00      0.0E+00      0.0E+00      0.0E+00
   6.25      0.0E+00      0.0E+00      0.0E+00      0.0E+00
2H sum= 0.00E+00 3H sum= 0.00E+00 3He sum= 0.00E+00 7Be sum= 0.00E+00
   0.25      0.0E+00      0.0E+00      0.0E+00      0.0E+00
   0.75      0.0E+00      0.0E+00      0.0E+00      0.0E+00
   1.25      0.0E+00      0.0E+00      0.0E+00      0.0E+00
   1.75      0.0E+00      0.0E+00      0.0E+00      0.0E+00
   2.25      0.0E+00      0.0E+00      0.0E+00      0.0E+00
   2.75      0.0E+00      0.0E+00      0.0E+00      0.0E+00
   3.25      0.0E+00      0.0E+00      0.0E+00      0.0E+00
   3.75      0.0E+00      0.0E+00      0.0E+00      0.0E+00
   4.25      0.0E+00      0.0E+00      0.0E+00      0.0E+00
   4.75      0.0E+00      0.0E+00      0.0E+00      0.0E+00
   5.25      0.0E+00      0.0E+00      0.0E+00      0.0E+00
   5.75      0.0E+00      0.0E+00      0.0E+00      0.0E+00
   6.25      0.0E+00      0.0E+00      0.0E+00      0.0E+00
   6.75      0.0E+00      0.0E+00      0.0E+00      0.0E+00
   7.25      0.0E+00      0.0E+00      0.0E+00      0.0E+00
2H sum= 0.00E+00 3H sum= 0.00E+00 3He sum= 0.00E+00 7Be sum= 0.00E+00
   0.25      0.0E+00      0.0E+00      0.0E+00      0.0E+00
   0.75      0.0E+00      0.0E+00      0.0E+00      0.0E+00
   1.25      0.0E+00      0.0E+00      0.0E+00      0.0E+00
   1.75      0.0E+00      0.0E+00      0.0E+00      0.0E+00
   2.25      0.0E+00      0.0E+00      0.0E+00      0.0E+00
   2.75      0.0E+00      0.0E+00      0.0E+00      0.0E+00
   3.25      0.0E+00      0.0E+00      0.0E+00      0.0E+00
   3.75      0.0E+00      0.0E+00      0.0E+00      0.0E+00
   4.25      0.0E+00      0.0E+00      0.0E+00      0.0E+00
   4.75      0.0E+00      0.0E+00      0.0E+00      0.0E+00
   5.25      0.0E+00      0.0E+00      0.0E+00      0.0E+00
   5.75      0.0E+00      0.0E+00      0.0E+00      0.0E+00
   6.25      0.0E+00      0.0E+00      0.0E+00      0.0E+00
   6.75      0.0E+00      0.0E+00      0.0E+00      0.0E+00
   7.25      0.0E+00      0.0E+00      0.0E+00      0.0E+00
   7.75      0.0E+00      0.0E+00      0.0E+00      0.0E+00
   8.25      0.0E+00      0.0E+00      0.0E+00      0.0E+00
2H sum= 0.00E+00 3H sum= 0.00E+00 3He sum= 0.00E+00 7Be sum= 0.00E+00
   0.25      0.0E+00      0.0E+00      0.0E+00      0.0E+00
   0.75      0.0E+00      0.0E+00      0.0E+00      0.0E+00
   1.25      0.0E+00      0.0E+00      0.0E+00      0.0E+00
   1.75      0.0E+00      0.0E+00      0.0E+00      0.0E+00
   2.25      0.0E+00      0.0E+00      0.0E+00      0.0E+00
   2.75      7.2E-02      0.0E+00      0.0E+00      0.0E+00
   3.25      0.0E+00      0.0E+00      0.0E+00      0.0E+00
   3.75      0.0E+00      0.0E+00      0.0E+00      0.0E+00
   4.25      0.0E+00      0.0E+00      0.0E+00      0.0E+00
   4.75      0.0E+00      0.0E+00      0.0E+00      0.0E+00
   5.25      0.0E+00      0.0E+00      0.0E+00      0.0E+00
   5.75      0.0E+00      0.0E+00      0.0E+00      0.0E+00
   6.25      0.0E+00      0.0E+00      0.0E+00      0.0E+00
   6.75      0.0E+00      0.0E+00      0.0E+00      0.0E+00
   7.25      0.0E+00      0.0E+00      0.0E+00      0.0E+00
   7.75      0.0E+00      0.0E+00      0.0E+00      0.0E+00
   8.25      0.0E+00      0.0E+00      0.0E+00      0.0E+00
   8.75      0.0E+00      0.0E+00      0.0E+00      0.0E+00
   9.25      0.0E+00      0.0E+00      0.0E+00      0.0E+00
2H sum= 7.24E-02 3H sum= 0.00E+00 3He sum= 0.00E+00 7Be sum= 0.00E+00
   0.25      0.0E+00      0.0E+00      0.0E+00      0.0E+00
   0.75      0.0E+00      0.0E+00      0.0E+00      0.0E+00
   1.25      0.0E+00      0.0E+00      0.0E+00      0.0E+00
   1.75      7.2E-02      0.0E+00      0.0E+00      0.0E+00
   2.25      9.5E-02      0.0E+00      0.0E+00      0.0E+00
   2.75      9.5E-02      0.0E+00      0.0E+00      0.0E+00
   3.25      1.2E-01      0.0E+00      0.0E+00      0.0E+00
   3.75      3.1E-01      0.0E+00      0.0E+00      0.0E+00
   4.25      1.4E-01      0.0E+00      0.0E+00      0.0E+00
   4.75      0.0E+00      0.0E+00      0.0E+00      0.0E+00
   5.25      0.0E+00      0.0E+00      0.0E+00      0.0E+00
   5.75      0.0E+00      0.0E+00      0.0E+00      0.0E+00
   6.25      0.0E+00      0.0E+00      0.0E+00      0.0E+00
   6.75      0.0E+00      0.0E+00      0.0E+00      0.0E+00
   7.25      0.0E+00      0.0E+00      0.0E+00      0.0E+00
   7.75      0.0E+00      0.0E+00      0.0E+00      0.0E+00
   8.25      0.0E+00      0.0E+00      0.0E+00      0.0E+00
   8.75      0.0E+00      0.0E+00      0.0E+00      0.0E+00
   9.25      0.0E+00      0.0E+00      0.0E+00      0.0E+00
   9.75      0.0E+00      0.0E+00      0.0E+00      0.0E+00
  10.25      0.0E+00      0.0E+00      0.0E+00      0.0E+00
2H sum= 8.35E-01 3H sum= 0.00E+00 3He sum= 0.00E+00 7Be sum= 0.00E+00
   0.25      0.0E+00      0.0E+00      0.0E+00      0.0E+00
   0.75      0.0E+00      0.0E+00      0.0E+00      0.0E+00
   1.25      4.7E-02      0.0E+00      0.0E+00      0.0E+00
   1.75      2.4E-02      0.0E+00      0.0E+00      0.0E+00
   2.25      9.4E-02      0.0E+00      0.0E+00      0.0E+00
   2.75      1.6E-01      0.0E+00      0.0E+00      0.0E+00
   3.25      1.9E-01      0.0E+00      0.0E+00      0.0E+00
   3.75      3.8E-01      0.0E+00      0.0E+00      0.0E+00
   4.25      5.7E-01      0.0E+00      0.0E+00      0.0E+00
   4.75      4.5E-01      0.0E+00      0.0E+00      0.0E+00
   5.25      3.1E-01      0.0E+00      0.0E+00      0.0E+00
   5.75      0.0E+00      0.0E+00      0.0E+00      0.0E+00
   6.25      0.0E+00      0.0E+00      0.0E+00      0.0E+00
   6.75      0.0E+00      0.0E+00      0.0E+00      0.0E+00
   7.25      0.0E+00      0.0E+00      0.0E+00      0.0E+00
   7.75      0.0E+00      0.0E+00      0.0E+00      0.0E+00
   8.25      0.0E+00      0.0E+00      0.0E+00      0.0E+00
   8.75      0.0E+00      0.0E+00      0.0E+00      0.0E+00
   9.25      0.0E+00      0.0E+00      0.0E+00      0.0E+00
   9.75      0.0E+00      0.0E+00      0.0E+00      0.0E+00
  10.25      0.0E+00      0.0E+00      0.0E+00      0.0E+00
  10.75      0.0E+00      0.0E+00      0.0E+00      0.0E+00
  11.25      0.0E+00      0.0E+00      0.0E+00      0.0E+00
2H sum= 2.21E+00 3H sum= 0.00E+00 3He sum= 0.00E+00 7Be sum= 0.00E+00
   0.25      0.0E+00      0.0E+00      0.0E+00      0.0E+00
   0.75      0.0E+00      0.0E+00      0.0E+00      0.0E+00
   1.25      2.3E-02      0.0E+00      0.0E+00      0.0E+00
   1.75      9.3E-02      0.0E+00      0.0E+00      0.0E+00
   2.25      1.2E-01      0.0E+00      0.0E+00      0.0E+00
   2.75      1.6E-01      0.0E+00      0.0E+00      0.0E+00
   3.25      3.5E-01      0.0E+00      0.0E+00      0.0E+00
   3.75      4.2E-01      0.0E+00      0.0E+00      0.0E+00
   4.25      5.1E-01      0.0E+00      0.0E+00      0.0E+00
   4.75      4.9E-01      0.0E+00      0.0E+00      0.0E+00
   5.25      7.4E-01      0.0E+00      0.0E+00      0.0E+00
   5.75      7.9E-01      0.0E+00      0.0E+00      0.0E+00
   6.25      5.8E-01      0.0E+00      0.0E+00      0.0E+00
   6.75      0.0E+00      0.0E+00      0.0E+00      0.0E+00
   7.25      0.0E+00      0.0E+00      0.0E+00      0.0E+00
   7.75      0.0E+00      0.0E+00      0.0E+00      0.0E+00
   8.25      0.0E+00      0.0E+00      0.0E+00      0.0E+00
   8.75      0.0E+00      0.0E+00      0.0E+00      0.0E+00
   9.25      0.0E+00      0.0E+00      0.0E+00      0.0E+00
   9.75      0.0E+00      0.0E+00      0.0E+00      0.0E+00
  10.25      0.0E+00      0.0E+00      0.0E+00      0.0E+00
  10.75      0.0E+00      0.0E+00      0.0E+00      0.0E+00
  11.25      0.0E+00      0.0E+00      0.0E+00      0.0E+00
  11.75      0.0E+00      0.0E+00      0.0E+00      0.0E+00
  12.25      0.0E+00      0.0E+00      0.0E+00      0.0E+00
2H sum= 4.27E+00 3H sum= 0.00E+00 3He sum= 0.00E+00 7Be sum= 0.00E+00
   0.25      0.0E+00      0.0E+00      0.0E+00      0.0E+00
   0.75      0.0E+00      0.0E+00      0.0E+00      0.0E+00
   1.25      2.3E-02      0.0E+00      0.0E+00      0.0E+00
   1.75      6.8E-02      0.0E+00      0.0E+00      0.0E+00
   2.25      1.8E-01      0.0E+00      0.0E+00      0.0E+00
   2.75      2.3E-01      0.0E+00      0.0E+00      0.0E+00
   3.25      2.5E-01      0.0E+00      0.0E+00      0.0E+00
   3.75      6.2E-01      0.0E+00      0.0E+00      0.0E+00
   4.25      5.2E-01      0.0E+00      0.0E+00      0.0E+00
   4.75      7.5E-01      0.0E+00      0.0E+00      0.0E+00
   5.25      8.9E-01      0.0E+00      0.0E+00      0.0E+00
   5.75      7.5E-01      0.0E+00      0.0E+00      0.0E+00
   6.25      1.1E+00      0.0E+00      0.0E+00      0.0E+00
   6.75      1.1E+00      0.0E+00      0.0E+00      0.0E+00
   7.25      1.0E+00      0.0E+00      0.0E+00      0.0E+00
   7.75      0.0E+00      0.0E+00      0.0E+00      0.0E+00
   8.25      0.0E+00      0.0E+00      0.0E+00      0.0E+00
   8.75      0.0E+00      0.0E+00      0.0E+00      0.0E+00
   9.25      0.0E+00      0.0E+00      0.0E+00      0.0E+00
   9.75      0.0E+00      0.0E+00      0.0E+00      0.0E+00
  10.25      0.0E+00      0.0E+00      0.0E+00      0.0E+00
  10.75      0.0E+00      0.0E+00      0.0E+00      0.0E+00
  11.25      0.0E+00      0.0E+00      0.0E+00      0.0E+00
  11.75      0.0E+00      0.0E+00      0.0E+00      0.0E+00
  12.25      0.0E+00      0.0E+00      0.0E+00      0.0E+00
  12.75      0.0E+00      0.0E+00      0.0E+00      0.0E+00
  13.25      0.0E+00      0.0E+00      0.0E+00      0.0E+00
2H sum= 7.54E+00 3H sum= 0.00E+00 3He sum= 0.00E+00 7Be sum= 0.00E+00
   0.25      0.0E+00      0.0E+00      0.0E+00      0.0E+00
   0.75      0.0E+00      0.0E+00      0.0E+00      0.0E+00
   1.25      0.0E+00      0.0E+00      0.0E+00      0.0E+00
   1.75      6.7E-02      0.0E+00      0.0E+00      0.0E+00
   2.25      1.3E-01      0.0E+00      0.0E+00      0.0E+00
   2.75      4.5E-01      0.0E+00      0.0E+00      0.0E+00
   3.25      4.9E-01      0.0E+00      0.0E+00      0.0E+00
   3.75      5.6E-01      0.0E+00      0.0E+00      0.0E+00
   4.25      7.4E-01      0.0E+00      0.0E+00      0.0E+00
   4.75      8.5E-01      0.0E+00      0.0E+00      0.0E+00
   5.25      1.1E+00      0.0E+00      0.0E+00      0.0E+00
   5.75      8.7E-01      0.0E+00      0.0E+00      0.0E+00
   6.25      1.0E+00      0.0E+00      0.0E+00      0.0E+00
   6.75      1.2E+00      0.0E+00      0.0E+00      0.0E+00
   7.25      1.1E+00      0.0E+00      0.0E+00      0.0E+00
   7.75      1.1E+00      0.0E+00      0.0E+00      0.0E+00
   8.25      1.0E+00      0.0E+00      0.0E+00      0.0E+00
   8.75      0.0E+00      0.0E+00      0.0E+00      0.0E+00
   9.25      0.0E+00      0.0E+00      0.0E+00      0.0E+00
   9.75      0.0E+00      0.0E+00      0.0E+00      0.0E+00
  10.25      0.0E+00      0.0E+00      0.0E+00      0.0E+00
  10.75      0.0E+00      0.0E+00      0.0E+00      0.0E+00
  11.25      0.0E+00      0.0E+00      0.0E+00      0.0E+00
  11.75      0.0E+00      0.0E+00      0.0E+00      0.0E+00
  12.25      0.0E+00      0.0E+00      0.0E+00      0.0E+00
  12.75      0.0E+00      0.0E+00      0.0E+00      0.0E+00
  13.25      0.0E+00      0.0E+00      0.0E+00      0.0E+00
  13.75      0.0E+00      0.0E+00      0.0E+00      0.0E+00
  14.25      0.0E+00      0.0E+00      0.0E+00      0.0E+00
2H sum= 1.07E+01 3H sum= 0.00E+00 3He sum= 0.00E+00 7Be sum= 0.00E+00
   0.25      0.0E+00      0.0E+00      0.0E+00      0.0E+00
   0.75      0.0E+00      0.0E+00      0.0E+00      0.0E+00
   1.25      6.6E-02      0.0E+00      0.0E+00      0.0E+00
   1.75      2.2E-02      0.0E+00      0.0E+00      0.0E+00
   2.25      1.8E-01      2.2E-02      0.0E+00      0.0E+00
   2.75      2.2E-01      0.0E+00      0.0E+00      0.0E+00
   3.25      5.1E-01      2.2E-02      0.0E+00      0.0E+00
   3.75      5.1E-01      2.2E-02      0.0E+00      0.0E+00
   4.25      7.7E-01      0.0E+00      0.0E+00      0.0E+00
   4.75      6.8E-01      0.0E+00      0.0E+00      0.0E+00
   5.25      9.0E-01      0.0E+00      0.0E+00      0.0E+00
   5.75      7.3E-01      0.0E+00      0.0E+00      0.0E+00
   6.25      9.5E-01      0.0E+00      0.0E+00      0.0E+00
   6.75      1.2E+00      0.0E+00      0.0E+00      0.0E+00
   7.25      1.1E+00      0.0E+00      0.0E+00      0.0E+00
   7.75      1.2E+00      0.0E+00      0.0E+00      0.0E+00
   8.25      1.3E+00      0.0E+00      0.0E+00      0.0E+00
   8.75      8.8E-01      0.0E+00      0.0E+00      0.0E+00
   9.25      1.2E+00      0.0E+00      0.0E+00      0.0E+00
   9.75      1.1E-01      0.0E+00      0.0E+00      0.0E+00
  10.25      0.0E+00      0.0E+00      0.0E+00      0.0E+00
  10.75      0.0E+00      0.0E+00      0.0E+00      0.0E+00
  11.25      0.0E+00      0.0E+00      0.0E+00      0.0E+00
  11.75      0.0E+00      0.0E+00      0.0E+00      0.0E+00
  12.25      0.0E+00      0.0E+00      0.0E+00      0.0E+00
  12.75      0.0E+00      0.0E+00      0.0E+00      0.0E+00
  13.25      0.0E+00      0.0E+00      0.0E+00      0.0E+00
  13.75      0.0E+00      0.0E+00      0.0E+00      0.0E+00
  14.25      0.0E+00      0.0E+00      0.0E+00      0.0E+00
  14.75      0.0E+00      0.0E+00      0.0E+00      0.0E+00
2H sum= 1.26E+01 3H sum= 6.60E-02 3He sum= 0.00E+00 7Be sum= 0.00E+00
   0.25      0.0E+00      0.0E+00      0.0E+00      0.0E+00
   0.75      0.0E+00      0.0E+00      0.0E+00      0.0E+00
   1.25      4.3E-02      0.0E+00      0.0E+00      0.0E+00
   1.75      4.3E-02      0.0E+00      0.0E+00      0.0E+00
   2.25      1.5E-01      0.0E+00      0.0E+00      0.0E+00
   2.75      2.4E-01      0.0E+00      0.0E+00      0.0E+00
   3.25      4.5E-01      0.0E+00      0.0E+00      0.0E+00
   3.75      5.0E-01      6.5E-02      0.0E+00      0.0E+00
   4.25      6.7E-01      0.0E+00      0.0E+00      0.0E+00
   4.75      9.3E-01      0.0E+00      0.0E+00      0.0E+00
   5.25      6.7E-01      0.0E+00      0.0E+00      0.0E+00
   5.75      1.4E+00      0.0E+00      0.0E+00      0.0E+00
   6.25      1.0E+00      0.0E+00      0.0E+00      0.0E+00
   6.75      1.1E+00      0.0E+00      0.0E+00      0.0E+00
   7.25      1.2E+00      0.0E+00      0.0E+00      0.0E+00
   7.75      1.1E+00      0.0E+00      0.0E+00      0.0E+00
   8.25      1.3E+00      0.0E+00      0.0E+00      0.0E+00
   8.75      1.2E+00      0.0E+00      0.0E+00      0.0E+00
   9.25      1.1E+00      0.0E+00      0.0E+00      0.0E+00
   9.75      1.1E+00      0.0E+00      0.0E+00      0.0E+00
  10.25      1.5E+00      0.0E+00      0.0E+00      0.0E+00
  10.75      1.5E-01      0.0E+00      0.0E+00      0.0E+00
  11.25      0.0E+00      0.0E+00      0.0E+00      0.0E+00
  11.75      0.0E+00      0.0E+00      0.0E+00      0.0E+00
  12.25      0.0E+00      0.0E+00      0.0E+00      0.0E+00
  12.75      0.0E+00      0.0E+00      0.0E+00      0.0E+00
  13.25      0.0E+00      0.0E+00      0.0E+00      0.0E+00
  13.75      0.0E+00      0.0E+00      0.0E+00      0.0E+00
  14.25      0.0E+00      0.0E+00      0.0E+00      0.0E+00
  14.75      0.0E+00      0.0E+00      0.0E+00      0.0E+00
  15.25      0.0E+00      0.0E+00      0.0E+00      0.0E+00
  15.75      0.0E+00      0.0E+00      0.0E+00      0.0E+00
2H sum= 1.59E+01 3H sum= 6.48E-02 3He sum= 0.00E+00 7Be sum= 0.00E+00
   0.25      0.0E+00      0.0E+00      0.0E+00      0.0E+00
   0.75      0.0E+00      0.0E+00      0.0E+00      0.0E+00
   1.25      0.0E+00      0.0E+00      0.0E+00      0.0E+00
   1.75      1.1E-01      0.0E+00      0.0E+00      0.0E+00
   2.25      1.5E-01      0.0E+00      0.0E+00      0.0E+00
   2.75      3.0E-01      0.0E+00      0.0E+00      0.0E+00
   3.25      4.7E-01      0.0E+00      0.0E+00      0.0E+00
   3.75      5.1E-01      0.0E+00      0.0E+00      0.0E+00
   4.25      9.1E-01      2.1E-02      0.0E+00      0.0E+00
   4.75      7.8E-01      8.5E-02      0.0E+00      0.0E+00
   5.25      1.0E+00      6.4E-02      0.0E+00      0.0E+00
   5.75      7.6E-01      0.0E+00      0.0E+00      0.0E+00
   6.25      1.0E+00      0.0E+00      0.0E+00      0.0E+00
   6.75      1.0E+00      0.0E+00      0.0E+00      0.0E+00
   7.25      9.8E-01      0.0E+00      0.0E+00      0.0E+00
   7.75      1.2E+00      0.0E+00      0.0E+00      0.0E+00
   8.25      1.2E+00      0.0E+00      0.0E+00      0.0E+00
   8.75      1.0E+00      0.0E+00      0.0E+00      0.0E+00
   9.25      1.2E+00      0.0E+00      0.0E+00      0.0E+00
   9.75      1.4E+00      0.0E+00      0.0E+00      0.0E+00
  10.25      1.7E+00      0.0E+00      0.0E+00      0.0E+00
  10.75      1.8E+00      0.0E+00      0.0E+00      0.0E+00
  11.25      1.3E+00      0.0E+00      0.0E+00      0.0E+00
  11.75      3.4E-01      0.0E+00      0.0E+00      0.0E+00
  12.25      0.0E+00      0.0E+00      0.0E+00      0.0E+00
  12.75      0.0E+00      0.0E+00      0.0E+00      0.0E+00
  13.25      0.0E+00      0.0E+00      0.0E+00      0.0E+00
  13.75      0.0E+00      0.0E+00      0.0E+00      0.0E+00
  14.25      0.0E+00      0.0E+00      0.0E+00      0.0E+00
  14.75      0.0E+00      0.0E+00      0.0E+00      0.0E+00
  15.25      0.0E+00      0.0E+00      0.0E+00      0.0E+00
  15.75      0.0E+00      0.0E+00      0.0E+00      0.0E+00
  16.25      0.0E+00      0.0E+00      0.0E+00      0.0E+00
  16.75      0.0E+00      0.0E+00      0.0E+00      0.0E+00
2H sum= 1.91E+01 3H sum= 1.70E-01 3He sum= 0.00E+00 7Be sum= 0.00E+00
   0.25      0.0E+00      0.0E+00      0.0E+00      0.0E+00
   0.75      0.0E+00      0.0E+00      0.0E+00      0.0E+00
   1.25      0.0E+00      0.0E+00      0.0E+00      0.0E+00
   1.75      8.4E-02      0.0E+00      0.0E+00      0.0E+00
   2.25      2.7E-01      0.0E+00      0.0E+00      0.0E+00
   2.75      4.2E-01      0.0E+00      0.0E+00      0.0E+00
   3.25      6.5E-01      0.0E+00      0.0E+00      0.0E+00
   3.75      6.9E-01      2.1E-02      0.0E+00      0.0E+00
   4.25      6.3E-01      2.1E-02      0.0E+00      0.0E+00
   4.75      7.3E-01      4.2E-02      0.0E+00      0.0E+00
   5.25      6.9E-01      2.1E-02      0.0E+00      0.0E+00
   5.75      1.2E+00      2.1E-02      0.0E+00      0.0E+00
   6.25      8.8E-01      2.1E-02      0.0E+00      0.0E+00
   6.75      1.1E+00      2.1E-02      0.0E+00      0.0E+00
   7.25      9.6E-01      2.1E-02      0.0E+00      0.0E+00
   7.75      1.3E+00      0.0E+00      0.0E+00      0.0E+00
   8.25      1.3E+00      0.0E+00      0.0E+00      0.0E+00
   8.75      1.2E+00      0.0E+00      0.0E+00      0.0E+00
   9.25      1.3E+00      0.0E+00      0.0E+00      0.0E+00
   9.75      1.4E+00      0.0E+00      0.0E+00      0.0E+00
  10.25      1.3E+00      0.0E+00      0.0E+00      0.0E+00
  10.75      1.4E+00      0.0E+00      0.0E+00      0.0E+00
  11.25      1.3E+00      0.0E+00      0.0E+00      0.0E+00
  11.75      1.3E+00      0.0E+00      0.0E+00      0.0E+00
  12.25      1.3E+00      0.0E+00      0.0E+00      0.0E+00
  12.75      6.9E-01      0.0E+00      0.0E+00      0.0E+00
  13.25      0.0E+00      0.0E+00      0.0E+00      0.0E+00
  13.75      0.0E+00      0.0E+00      0.0E+00      0.0E+00
  14.25      0.0E+00      0.0E+00      0.0E+00      0.0E+00
  14.75      0.0E+00      0.0E+00      0.0E+00      0.0E+00
  15.25      0.0E+00      0.0E+00      0.0E+00      0.0E+00
  15.75      0.0E+00      0.0E+00      0.0E+00      0.0E+00
  16.25      0.0E+00      0.0E+00      0.0E+00      0.0E+00
  16.75      0.0E+00      0.0E+00      0.0E+00      0.0E+00
  17.25      0.0E+00      0.0E+00      0.0E+00      0.0E+00
  17.75      0.0E+00      0.0E+00      0.0E+00      0.0E+00
2H sum= 2.19E+01 3H sum= 1.88E-01 3He sum= 0.00E+00 7Be sum= 0.00E+00
   0.25      0.0E+00      0.0E+00      0.0E+00      0.0E+00
   0.75      0.0E+00      0.0E+00      0.0E+00      0.0E+00
   1.25      2.1E-02      0.0E+00      0.0E+00      0.0E+00
   1.75      1.4E-01      0.0E+00      0.0E+00      0.0E+00
   2.25      1.6E-01      0.0E+00      0.0E+00      0.0E+00
   2.75      3.9E-01      0.0E+00      0.0E+00      0.0E+00
   3.25      3.7E-01      6.2E-02      0.0E+00      0.0E+00
   3.75      8.4E-01      8.2E-02      0.0E+00      0.0E+00
   4.25      7.8E-01      4.1E-02      0.0E+00      0.0E+00
   4.75      1.1E+00      2.1E-02      0.0E+00      0.0E+00
   5.25      7.4E-01      6.2E-02      0.0E+00      0.0E+00
   5.75      1.0E+00      8.2E-02      0.0E+00      0.0E+00
   6.25      9.9E-01      4.1E-02      0.0E+00      0.0E+00
   6.75      1.1E+00      0.0E+00      0.0E+00      0.0E+00
   7.25      1.2E+00      4.1E-02      0.0E+00      0.0E+00
   7.75      1.1E+00      4.1E-02      0.0E+00      0.0E+00
   8.25      1.3E+00      0.0E+00      0.0E+00      0.0E+00
   8.75      1.0E+00      0.0E+00      0.0E+00      0.0E+00
   9.25      1.2E+00      0.0E+00      0.0E+00      0.0E+00
   9.75      1.3E+00      0.0E+00      0.0E+00      0.0E+00
  10.25      1.6E+00      0.0E+00      0.0E+00      0.0E+00
  10.75      1.4E+00      0.0E+00      0.0E+00      0.0E+00
  11.25      1.4E+00      0.0E+00      0.0E+00      0.0E+00
  11.75      1.3E+00      0.0E+00      0.0E+00      0.0E+00
  12.25      1.4E+00      0.0E+00      0.0E+00      0.0E+00
  12.75      1.5E+00      0.0E+00      0.0E+00      0.0E+00
  13.25      1.7E+00      0.0E+00      0.0E+00      0.0E+00
  13.75      6.6E-01      0.0E+00      0.0E+00      0.0E+00
  14.25      0.0E+00      0.0E+00      0.0E+00      0.0E+00
  14.75      0.0E+00      0.0E+00      0.0E+00      0.0E+00
  15.25      0.0E+00      0.0E+00      0.0E+00      0.0E+00
  15.75      0.0E+00      0.0E+00      0.0E+00      0.0E+00
  16.25      0.0E+00      0.0E+00      0.0E+00      0.0E+00
  16.75      0.0E+00      0.0E+00      0.0E+00      0.0E+00
  17.25      0.0E+00      0.0E+00      0.0E+00      0.0E+00
  17.75      0.0E+00      0.0E+00      0.0E+00      0.0E+00
  18.25      0.0E+00      0.0E+00      0.0E+00      0.0E+00
  18.75      0.0E+00      0.0E+00      0.0E+00      0.0E+00
2H sum= 2.57E+01 3H sum= 4.73E-01 3He sum= 0.00E+00 7Be sum= 0.00E+00
