088228 8.50                                                      
090228 6.50                                                      
090230 6.80                                                      
090232 6.70                                                      
090234 6.50                                                      
092232 5.40                                                      
092234 5.50                                                      
092236 5.67                                                      
092238 6.30                                                      
092240 6.35                                                      
094236 5.20                                                      
094238 5.60                                                      
094240 6.05                                                      
094242 5.85                                                      
094244 5.70                                                      
094246 5.40                                                      
096242 6.65                                                      
096244 6.18                                                      
096246 6.00                                                      
091230 5.80                                                      
091232 6.40                                                      
091234 6.30                                                      
093234 5.50                                                      
093236 5.90                                                      
093238 6.50                                                      
095240 6.10                                                      
095242 6.32                                                      
095244 6.25                                                      
097246 6.40                                                      
097248 6.50                                                      
097250 6.10                                                      
099250 6.70                                                      
091231 5.50                                                      
091233 5.80                                                      
093233 5.10                                                      
093235 6.00                                                      
093237 6.00                                                      
093239 6.30                                                      
095239 6.00                                                      
095241 6.00                                                      
095243 6.40                                                      
095245 6.10                                                      
095247 5.90                                                      
097245 6.60                                                      
095247 6.50                                                      
095249 6.30                                                      
099249 6.80                                                      
099251 6.60                                                      
090229 6.00                                                      
090231 6.70                                                      
090233 6.65                                                      
092231 5.50                                                      
092233 5.55                                                      
092235 6.00                                                      
092237 6.40                                                      
092239 6.45                                                      
094237 5.60                                                      
094239 6.20                                                      
094241 6.15                                                      
094243 6.05                                                      
094245 5.85                                                      
096241 6.50                                                      
096243 6.33                                                      
096245 6.35                                                      
096247 6.12                                                      
096249 5.65                                                      
cc  these tabulated results are based on values from D.Madland,  
c   private communication,Nov.1,2002                             
